"","V1","V2","V3","V4"
"1",0.428,0.121,0.264,0.187
"2",0.256,0.311,0.239,0.194
"3",0.283,0.103,0.355,0.259
"4",0.296,0.108,0.321,0.275
"5",0.393,0.121,0.256,0.23
"6",0.225,0.344,0.179,0.252
"7",0.246,0.126,0.411,0.217
"8",0.259,0.082,0.309,0.35
"9",0.359,0.172,0.283,0.186
"10",0.161,0.387,0.129,0.323
"11",0.228,0.13,0.431,0.211
"12",0.168,0.105,0.432,0.295
